0
1
2
3
4
5
6
5
7
8
6
6
9
10
11
12
13
14
15
16
17
18
19
20
21
19
22
23
24
25
26
27
28
29
30
31
23
32
33
34
35
22
36
20
19
11
37
19
38
39
40
12
41
6
6
6
6
6
6
6
6
42
43
44
14
45
2
26
1
46
17
47
48
49
50
6
6
6
6
2
19
51
14
9
2
52
16
53
33
54
38
55
18
56
14
57
58
2
59
60
55
61
38
62
11
63
16
64
32
65
66
29
32
67
63
2
68
45
69
17
70
11
71
72
19
73
74
65
53
75
18
74
74
75
75
75
17
40
76
45
48
14
54
2
51
20
20
77
27
19
75
75
78
79
76
34
32
2
53
80
54
53
27
29
11
16
5
5
5
29
29
18
49
81
82
19
69
63
80
36
54
14
26
23
83
84
30
17
85
86
87
88
27
81
57
89
66
11
26
78
66
27
16
16
16
90
90
90
90
91
29
90
5
5
92
93
2
54
93
93
51
93
19
94
95
96
65
97
23
12
51
66
70
98
99
27
11
80
81
100
101
102
103
83
27
57
101
54
0
2
47
103
103
65
81
49
3
20
3
3
49
85
54
104
80
105
12
27
106
107
108
109
110
34
49
49
49
81
0
9
0
0
81
81
27
111
37
2
14
55
54
112
111
15
80
0
0
15
0
89
113
89
9
23
23
23
23
23
23
76
76
76
76
76
0
76
57
89
2
89
51
12
51
51
51
89
2
2
14
65
14
14
14
2
2
12
12
14
27
27
27
27
27
63
97
114
46
115
57
116
63
10
34
117
32
118
34
85
57
54
119
78
20
32
63
111
83
97
120
32
13
121
122
13
42
123
13
124
42
125
80
126
127
42
27
114
128
12
17
14
12
129
57
0
0
65
2
17
130
85
1
1
63
63
63
1
1
1
20
65
104
131
103
5
16
1
65
14
65
20
54
54
54
105
37
65
1
20
18
20
54
12
19
76
19
27
17
132
90
12
133
53
134
9
53
2
27
135
53
22
20
72
114
6
136
63
137
17
138
37
139
140
141
11
19
36
51
142
20
6
6
19
6
17
143
22
63
23
83
103
17
2
144
145
146
147
148
147
149
43
147
33
150
151
152
153
154
55
155
156
157
55
158
159
160
161
162
163
164
165
166
167
168
169
170
167
171
6
172
6
173
174
175
176
177
178
179
180
181
172
182
183
162
184
185
186
183
187
154
188
178
189
190
149
149
191
55
55
55
149
6
170
55
